400 -2655
100 -2655
300 -4836
200 -5791
200 -7018
100 -7018
400 -7427
300 -7427
200 -7836
300 -10291
100 -11109
200 -11382
400 -11382
100 -11655
300 -11791
400 -11791
200 -12007
400 -12200
100 -12336
400 -12473
300 -12745
200 -13018
100 -13291
400 -135100
100 -13836
300 -13973
400 -13973
200 -14109
400 -14245
300 -14382
200 -14518
100 -14655
200 -14927
300 -15200
400 -15473
100 -15745
200 -15882
300 -15882
100 -16018
300 -16155
400 -16155
200 -16291
100 -16291
400 -110027
200 -165100
300 -165100
400 -16700
100 -16836
400 -17382
300 -17518
200 -17518
400 -17655
200 -17791
100 -17791
400 -17927
100 -180100
200 -18200
400 -18336
300 -18336
100 -18473
300 -18609
100 -18745
200 -18745
400 -18882
300 -19018
300 -20091
200 -195100
100 -19836
400 -19836
200 -20109
100 -20109
400 -20245
300 -20382
400 -20518
100 -20655
200 -20655
400 -20791
300 -20927
100 -210100
200 -21200
400 -21200
300 -21336
100 -21473
200 -21609
300 -21745
400 -21745
100 -21882
300 -22018
200 -22155
100 -22291
400 -22291
200 -22427
300 -225100
200 -22700
400 -22836
100 -22836
300 -22973
200 -23109
100 -23245
300 -23382
400 -23382
200 -23518
100 -23655
200 -23791
400 -23927
100 -24200
300 -24473
100 -24473
200 -24745
400 -24745
200 -25018
300 -25018
100 -25155
300 -25291
400 -25291
100 -25427
200 -255100
300 -255100
400 -25700
200 -25836
100 -25836
400 -25973
200 -26109
300 -26109
100 -26245
200 -26382
400 -26382
300 -26518
400 -26655
300 -26927
200 -27200
400 -27473
100 -27473
300 -27745
200 -27745
100 -28018
400 -28018
400 -28291
100 -285100
400 -28836
300 -29109
100 -29109
300 -29245
200 -29382
400 -29382
100 -29518
400 -29655
300 -29655
200 -29791
300 -29927
100 -29927
400 -300100
300 -30200
200 -30200
400 -30336
200 -30473
100 -30473
300 -30745
100 -31018
300 -31291
400 -31291
300 -31427
200 -315100
400 -315100
100 -31700
300 -31836
200 -31836
400 -31973
300 -32109
100 -32109
200 -32245
300 -32382
400 -32382
200 -32518
100 -32655
300 -32655
400 -32791
300 -32927
100 -33000
200 -33473
300 -33473
200 -33609
400 -33745
100 -33745
300 -33882
200 -34018
100 -34018
300 -34291
400 -345100
200 -345100
300 -34836
100 -34836
300 -35109
400 -35109
100 -35382
200 -35927
300 -310073
400 -310073
200 -36745
100 -36745
300 -37018
400 -37018
200 -37291
100 -37291
400 -375100
300 -37836
200 -38109
100 -38109
400 -38382
100 -38655
400 -38655
200 -38791
400 -38927
300 -390100
200 -39200
400 -39336
200 -39473
300 -39609
400 -39745
300 -40018
200 -40155
300 -40291
400 -405100
300 -40836
400 -41109
100 -41382
200 -41518
300 -41655
400 -42007
300 -42200
100 -42473
200 -42473
300 -42746
400 -43018
100 -43018
300 -43155
100 -43291
200 -43427
300 -435100
100 -43700
300 -43836
200 -43973
100 -44109
300 -45200
400 -45200
100 -45473
200 -45473
300 -45745
400 -45745
100 -46018
200 -46018
400 -46291
300 -465100
200 -46836
100 -46836
300 -47109
400 -47382
100 -47382
200 -47518
400 -47655
300 -47791
200 -47927
400 -480100
200 -48200
300 -48336
400 -48473
200 -48745
300 -48882
200 -49018
100 -49291
200 -495100
100 -49836
400 -50109
300 -50245
200 -50382
100 -50382
400 -50655
300 -50928
200 -51200
100 -51200
400 -51473
400 -51745
300 -52018
200 -52291
100 -52291
400 -525100
300 -52836
300 -53245
300 -53518
300 -53791
100 -53927
300 -540100
200 -54200
100 -54336
200 -54473
300 -54609
400 -54745
200 -54882
300 -55018
400 -55018
200 -55291
100 -555100
200 -55836
300 -55973
400 -56109
300 -56382
200 -56655
400 -56927
100 -57200
400 -57609
200 -57882
100 -58155
200 -58291
200 -585100
200 -58836
200 -59109
100 -59382
400 -59382
300 -59655
200 -59927
100 -60200
200 -60336
300 -60473
400 -60745
300 -61018
400 -61291
100 -615100
400 -615100
200 -61973
300 -62245
400 -62518
300 -62655
100 -63473
200 -63745
300 -63745
400 -63882
300 -100018
100 -100018
200 -100155
400 -100291
100 -100291
200 -1005100
300 -100700
400 -100700
100 -100973
300 -65109
200 -65245
400 -65245
100 -65382
400 -65518
200 -65655
300 -65655
100 -65791
400 -65927
100 -660100
300 -660100
100 -66336
200 -66336
100 -66609
400 -66609
300 -66745
200 -66882
100 -67018
400 -67018
200 -67291
300 -67291
100 -675100
300 -67836
400 -67836
300 -68109
100 -68109
100 -68382
400 -68382
300 -68518
200 -68655
100 -68655
300 -68791
400 -68927
200 -690100
300 -690100
200 -69336
400 -69336
100 -69609
300 -69745
400 -69745
100 -69882
300 -70018
200 -70155
400 -70291
100 -705100
200 -70836
300 -71109
400 -71382
100 -71655
300 -72007
200 -72200
300 -72473
400 -72473
100 -72609
200 -72745
300 -72745
400 -72882
200 -73018
300 -73018
400 -73155
200 -73291
100 -73291
300 -73427
400 -73427
400 -73700
300 -73836
100 -73836
200 -73973
200 -74245
100 -74245
300 -74518
400 -74518
200 -74791
300 -74791
400 -750100
100 -750100
400 -75336
300 -75473
200 -75609
100 -75609
300 -75745
400 -75745
300 -76018
100 -76018
400 -76291
300 -765100
100 -76836
200 -76973
100 -77109
200 -77245
400 -77245
300 -77382
400 -77518
100 -77655
300 -77655
200 -77791
300 -77927
200 -780100
400 -780100
300 -78200
100 -78336
200 -78336
300 -78473
400 -78473
100 -78882
100 -79155
300 -79155
400 -79291
100 -79427
300 -795100
200 -79700
400 -79836
300 -79973
200 -80109
100 -80109
400 -80927
300 -81200
400 -81200
200 -81473
100 -81745
200 -82018
300 -82155
400 -82291
300 -825100
200 -82836
400 -83109
100 -83382
400 -83791
200 -840100
100 -84336
200 -84473
200 -84745
200 -85018
200 -85291
100 -855100
400 -855100
300 -85836
200 -86109
100 -86382
200 -86518
400 -86655
300 -86655
200 -86927
400 -87745
400 -87882
300 -88018
200 -88291
200 -88427
100 -885100
400 -88836
300 -89109
200 -89382
100 -89655
400 -89927
300 -900100
100 -90200
300 -90336
200 -90473
400 -90473
100 -90609
300 -90745
200 -90882
300 -91018
400 -91018
100 -91155
200 -91291
300 -91427
100 -915100
400 -915100
200 -91836
300 -91836
400 -92109
100 -92109
300 -93473
100 -94018
200 -94291
100 -94291
300 -94427
200 -945100
300 -94700
400 -94700
200 -94836
100 -94836
300 -94973
400 -94973
100 -95109
200 -95245
400 -95382
300 -95518
100 -95655
400 -95655
200 -95791
300 -95927
400 -95927
200 -96200
100 -96200
100 -910073
400 -910073
200 -96609
300 -96609
400 -96745
100 -96745
200 -975100
300 -975100
100 -97836
400 -97836
300 -98109
200 -98109
400 -98382
100 -98382
100 -98655
200 -98791
300 -98927
100 -990100
200 -99200
300 -99336
400 -99473
200 -99609
100 -99745
400 -99882
300 -100018
400 -100155
200 -100291
100 -100291
300 -1005100
400 -1005100
100 -100836
400 -100836
200 -102007
300 -102007
400 -103018
200 -103291
100 -103291
200 -103427
400 -1035100
300 -1035100
100 -103700
400 -103836
200 -103973
300 -104109
100 -104109
100 -104245
400 -104382
200 -104655
400 -104927
200 -105200
100 -105200
300 -105473
400 -105473
100 -105745
400 -106018
300 -106291
200 -1065100
300 -106836
400 -106836
200 -107109
100 -107109
400 -107382
100 -107655
200 -107791
400 -107791
300 -107927
200 -1080100
100 -108200
400 -108200
200 -108336
100 -108473
400 -108473
300 -108745
200 -109018
100 -109291
400 -1095100
100 -109836
300 -109973
400 -109973
200 -110109
100 -110245
300 -110382
200 -110518
100 -110655
400 -110655
200 -110927
300 -111200
400 -111473
100 -111745
200 -111882
300 -111882
100 -112018
300 -112155
400 -112155
200 -112291
100 -112291
400 -112427
200 -1125100
300 -1125100
400 -112700
100 -112836
400 -113382
200 -113518
300 -113518
400 -113655
200 -113791
100 -113791
400 -113927
100 -1140100
200 -114200
300 -114336
100 -114473
300 -114609
200 -114745
400 -114882
300 -115018
300 -115291
200 -1155100
400 -115836
100 -115836
